左图中的sift点：(X, Y, Z)
右图中的sift匹配点：(X, Y, Z)
左图中的LSM点：(X, Y, Z)
右图中的LSM匹配点：(X, Y, Z)
总耗时：1s
 
78.8408, 64.0328, 98.5393, 
104.284, 67.9421, 98.5393
57.4156, 212.85, 0
19.3021, 768.328, 0.965216
 
101.028, 80.7168, 105.929, 
121.152, 92.3748, 105.929
119.053, 91.8325, 0
136.423, 108.862, 1.20744
 
101.028, 80.7168, 112.521, 
121.152, 92.3748, 112.521
30.6175, 125.867, 0
25.7562, 104.024, 0.104279
 
108.875, 196.535, 120.843, 
81.463, 198.228, 120.843
146.247, 86.2938, 0
168.607, 114.893, 0.00694932
 
144.589, 87.7544, 125.264, 
166.525, 115.137, 125.264
172.493, 146.267, 0
172.442, 178.685, 0.0119999
 
146.425, 123.586, 128.23, 
153.315, 147.982, 128.23
156.11, 220.907, 0
123.849, 238.17, 0.0237857
 
157.429, 223.767, 128.779, 
124.127, 241.595, 128.779
84.4512, 175.722, 0
63.6097, 169.528, 1.61332
 
157.429, 223.767, 132.887, 
124.127, 241.595, 132.887
47.246, 177.251, 0
-nan(ind), -nan(ind), 1
 
180.458, 208.945, 135.547, 
155.877, 237.574, 135.547
79.2292, 68.143, 0
102.558, 72.1315, 0.246441
 
119.379, 133.01, 135.713, 
119.832, 144.955, 135.713
64.5413, 126.684, 0
62.381, 118.223, 0.0397296
 
166.092, 146.553, 142.397, 
166.147, 175.595, 142.397
75.8009, 214.005, 0
38.5774, 199.915, 0.0311228
 
188.925, 171.247, 144.153, 
181.764, 207.42, 144.153
101.441, 79.5586, 0
122.403, 91.081, 0.0986481
 
59.1378, 211.398, 145.76, 
21.5823, 190.938, 145.76
84.4512, 175.722, 0
63.6097, 169.528, 0.0164101
 
188.925, 171.247, 154.305, 
181.764, 207.42, 154.305
49.5876, 76.0774, 0
67.2655, 67.5108, 0.0177063
 
180.458, 208.945, 157.448, 
155.877, 237.574, 157.448
149.029, 126.572, 0
154.916, 151.791, 0.0206855
 
64.6402, 128.959, 157.461, 
61.6911, 120.326, 157.461
156.11, 220.907, 0
123.849, 238.17, 0.0837086
 
87.636, 31.2513, 157.667, 
128.028, 42.0115, 157.667
95.0603, 231.736, 0
52.426, 223.47, 0.126629
 
176.549, 95.2973, 160.63, 
198.556, 134.842, 160.63
91.4102, 33.3171, 0
130.281, 45.982, 0.02543
 
120.082, 96.7954, 182.189, 
135.687, 113.607, 182.189
183.216, 169.213, 0
175.045, 203.301, 0.045061
 
83.3391, 175.37, 182.203, 
62.9571, 168.611, 182.203
51.8468, 39.1163, 0
84.6531, 35.5316, 0.221171
 
83.3391, 175.37, 184.497, 
62.9571, 168.611, 184.497
86.9709, 270.289, 0
27.8161, 254.109, 0.00897514
 
56.0101, 41.3429, 199.797, 
88.5881, 39.0901, 199.797
19.2438, 67.7297, 0
37.5122, 48.3286, 0.00120553
 
64.6402, 128.959, 201.388, 
61.6911, 120.326, 201.388
101.441, 79.5586, 0
122.403, 91.081, 0.0405774
 
97.4645, 231.07, 211.26, 
55.202, 223.597, 211.26
183.216, 169.213, 0
175.045, 203.301, 0.0017334
 
35.9626, 127.004, 220.47, 
31.1041, 107.413, 220.47
19.2438, 67.7297, 0
37.5122, 48.3286, 0.0218057
 
52.1051, 76.4502, 221.513, 
69.4694, 69.2464, 221.513
103.134, 193.515, 0
76.7018, 192.727, 0.253024
 
73.2307, 210.076, 259.328, 
37.2121, 195.179, 259.328
184.318, 207.319, 0
160.168, 237.729, 0.0621643
 
19.2538, 67.1966, 277.854, 
37.567, 46.1522, 277.854
184.318, 207.319, 0
160.168, 237.729, 0.00780024
 
19.2538, 67.1966, 295.528, 
37.567, 46.1522, 295.528
64.5413, 126.684, 0
62.381, 118.223, 0.377819
 
51.601, 182.402, 313.965, 
25.2968, 162.463, 313.965
120.636, 135.747, 0
119.684, 148.33, 0.135154
 
87.4498, 265.135, 323.79, 
31.0639, 249.549, 323.79
176.708, 94.9553, 0
198.8, 134.623, 0.105334
 
